7623 9810 6973 0008 9426 9789 1643 5017 8341 5658 5227 9793 4000 8551 9360 4652 8762 4992 2530 8264
2558 8000 9254 6081 7888 1767 0751 2125 1338 5515 1322 5147 2807 2704 4010 6469 0011 6308 4986 2168
3758 9549 8603 6706 9017 4146 4091 8592 7840 4949 0448 1179 2834 0625 8259 3368 4078 4951 5882 5612
8121 2273 2712 6382 5013 3633 4129 3029 8199 7216 1081 8875 2549 7873 2254 5252 7796 5678 8333 3202
8215 2775 5919 4640 4512 1071 3332 6818 0566 0734 1784 7182 5942 0926 3134 7890 4890 9677 9838 0589
3913 9443 3577 2400 2960 8476 6520 3498 9768 5888 3247 5123 2967 0027 1908 4457 7153 5615 0369 9377
2387 5026 6837 1781 1243 2971 4709 2915 8936 1945 8240 7944 5859 7828 9066 9841 7336 1189 3538 4628
2420 0025 7397 0949 2061 3989 7402 7054 7174 8432 9167 7335 8782 8993 6712 8747 5652 3962 1991 4714
9702 2095 2020 0351 5792 8213 7132 8273 0459 7486 6352 8626 3684 2064 4930 0479 8807 0461 4656 4284
8363 0931 9731 6702 7777 4961 9728 9760 4628 5981 6388 6066 8497 1383 2931 0587 5289 3037 2895 7364
0369 2645 0523 6470 6829 3435 6247 2470 8814 9032 8918 0742 4900 3604 1066 2091 3263 4821 4716 9271
8602 2610 3087 1271 0590 2184 7781 2518 5011 9434 2067 4511 1700 0403 8240 6821 7860 4240 1178 2890
1444 0876 0679 3580 6869 0378 2473 8085 4573 0946 1381 7444 6621 6398 0479 0651 2922 2033 6921 7163
6472 9830 8492 2458 1508 0115 4939 5210 5402 6971 4653 5668 3763 9021 0394 4824 8281 5449 7355 3126
8568 9589 3158 5600 2488 8836 2081 7553 4303 0155 5227 1258 6309 5036 4208 9431 7601 6414 8400 5729
3096 2733 4884 5945 7005 1145 5732 6186 7592 2641 9515 5880 4213 6801 2583 4151 3407 2825 0961 7853
8126 6496 5589 8318 3049 9842 1979 1764 9372 1369 0373 5222 4494 9964 4027 5830 5519 4849 1303 6378
0715 7238 1950 4123 9657 6832 9143 3043 1124 7646 6661 1955 7563 3263 4900 2207 6370 1120 0359 9016
1124 9138 0680 9970 0448 5660 1365 2648 8228 5448 0900 0929 6540 0344 8151 6115 1816 3043 9648 4693
5571 6436 4623 9292 3276 8947 2535 3195 8881 8408 1230 1615 7902 3135 3828 4887 9005 9087 8978 9691
